Generated by GoPiGo Version : 1.3  GeneratedSampleGpG.py version :0
0
171
0
0
0.0
-1.4835298642
14
0
0
0.0
-1.46607657168
14
0
0
0.0
-1.44862327916
14
0
0
0.0
-1.43116998664
14
0
0
0.0
-1.41371669412
13
0
0
0.0
-1.3962634016
15
0
0
0.0
-1.37881010908
15
0
0
0.0
-1.36135681656
14
0
0
0.0
-1.34390352404
15
0
0
0.0
-1.32645023152
16
0
0
0.0
-1.308996939
15
0
0
0.0
-1.29154364648
13
0
0
0.0
-1.27409035396
13
0
0
0.0
-1.25663706144
13
0
0
0.0
-1.23918376892
13
0
0
0.0
-1.2217304764
13
0
0
0.0
-1.20427718388
13
0
0
0.0
-1.18682389136
12
0
0
0.0
-1.16937059884
13
0
0
0.0
-1.15191730632
13
0
0
0.0
-1.1344640138
12
0
0
0.0
-1.11701072128
13
0
0
0.0
-1.09955742876
13
0
0
0.0
-1.08210413624
13
0
0
0.0
-1.06465084372
13
0
0
0.0
-1.0471975512
13
0
0
0.0
-1.02974425868
13
0
0
0.0
-1.01229096616
13
0
0
0.0
-0.994837673637
14
0
0
0.0
-0.977384381117
13
0
0
0.0
-0.959931088597
14
0
0
0.0
-0.942477796077
14
0
0
0.0
-0.925024503557
14
0
0
0.0
-0.907571211037
14
0
0
0.0
-0.890117918517
15
0
0
0.0
-0.872664625997
15
0
0
0.0
-0.855211333477
15
0
0
0.0
-0.837758040957
15
0
0
0.0
-0.820304748437
15
0
0
0.0
-0.802851455917
16
0
0
0.0
-0.785398163397
15
0
0
0.0
-0.767944870878
16
0
0
0.0
-0.750491578358
31
0
0
0.0
-0.733038285838
30
0
0
0.0
-0.715584993318
30
0
0
0.0
-0.698131700798
31
0
0
0.0
-0.680678408278
31
0
0
0.0
-0.663225115758
31
0
0
0.0
-0.645771823238
33
0
0
0.0
-0.628318530718
32
0
0
0.0
-0.610865238198
33
0
0
0.0
-0.593411945678
76
0
0
0.0
-0.575958653158
33
0
0
0.0
-0.558505360638
33
0
0
0.0
-0.541052068118
250
0
0
0.0
-0.523598775598
250
0
0
0.0
-0.506145483078
250
0
0
0.0
-0.488692190558
250
0
0
0.0
-0.471238898038
250
0
0
0.0
-0.453785605519
250
0
0
0.0
-0.436332312999
250
0
0
0.0
-0.418879020479
250
0
0
0.0
-0.401425727959
250
0
0
0.0
-0.383972435439
250
0
0
0.0
-0.366519142919
250
0
0
0.0
-0.349065850399
250
0
0
0.0
-0.331612557879
250
0
0
0.0
-0.314159265359
250
0
0
0.0
-0.296705972839
250
0
0
0.0
-0.279252680319
250
0
0
0.0
-0.261799387799
250
0
0
0.0
-0.244346095279
250
0
0
0.0
-0.226892802759
250
0
0
0.0
-0.209439510239
250
0
0
0.0
-0.191986217719
250
0
0
0.0
-0.174532925199
250
0
0
0.0
-0.157079632679
250
0
0
0.0
-0.13962634016
250
0
0
0.0
-0.12217304764
250
0
0
0.0
-0.10471975512
250
0
0
0.0
-0.0872664625997
250
0
0
0.0
-0.0698131700798
250
0
0
0.0
-0.0523598775598
250
0
0
0.0
-0.0349065850399
250
0
0
0.0
-0.0174532925199
250
0
0
0.0
0.0
250
0
0
0.0
0.0174532925199
250
0
0
0.0
0.0349065850399
250
0
0
0.0
0.0523598775598
250
0
0
0.0
0.0698131700798
250
0
0
0.0
0.0872664625997
250
0
0
0.0
0.10471975512
250
0
0
0.0
0.12217304764
250
0
0
0.0
0.13962634016
250
0
0
0.0
0.157079632679
250
0
0
0.0
0.174532925199
240
0
0
0.0
0.191986217719
250
0
0
0.0
0.209439510239
250
0
0
0.0
0.226892802759
206
0
0
0.0
0.244346095279
250
0
0
0.0
0.261799387799
250
0
0
0.0
0.279252680319
250
0
0
0.0
0.296705972839
234
0
0
0.0
0.314159265359
250
0
0
0.0
0.331612557879
213
0
0
0.0
0.349065850399
250
0
0
0.0
0.366519142919
250
0
0
0.0
0.383972435439
250
0
0
0.0
0.401425727959
250
0
0
0.0
0.418879020479
250
0
0
0.0
0.436332312999
250
0
0
0.0
0.453785605519
250
0
0
0.0
0.471238898038
250
0
0
0.0
0.488692190558
250
0
0
0.0
0.506145483078
250
0
0
0.0
0.523598775598
250
0
0
0.0
0.541052068118
250
0
0
0.0
0.558505360638
250
0
0
0.0
0.575958653158
250
0
0
0.0
0.593411945678
250
0
0
0.0
0.610865238198
250
0
0
0.0
0.628318530718
250
0
0
0.0
0.645771823238
250
0
0
0.0
0.663225115758
250
0
0
0.0
0.680678408278
250
0
0
0.0
0.698131700798
250
0
0
0.0
0.715584993318
250
0
0
0.0
0.733038285838
250
0
0
0.0
0.750491578358
250
0
0
0.0
0.767944870878
250
0
0
0.0
0.785398163397
250
0
0
0.0
0.802851455917
250
0
0
0.0
0.820304748437
250
0
0
0.0
0.837758040957
250
0
0
0.0
0.855211333477
250
0
0
0.0
0.872664625997
250
0
0
0.0
0.890117918517
250
0
0
0.0
0.907571211037
250
0
0
0.0
0.925024503557
250
0
0
0.0
0.942477796077
250
0
0
0.0
0.959931088597
250
0
0
0.0
0.977384381117
250
0
0
0.0
0.994837673637
250
0
0
0.0
1.01229096616
250
0
0
0.0
1.02974425868
250
0
0
0.0
1.0471975512
250
0
0
0.0
1.06465084372
250
0
0
0.0
1.08210413624
250
0
0
0.0
1.09955742876
250
0
0
0.0
1.11701072128
250
0
0
0.0
1.1344640138
250
0
0
0.0
1.15191730632
250
0
0
0.0
1.16937059884
250
0
0
0.0
1.18682389136
250
0
0
0.0
1.20427718388
250
0
0
0.0
1.2217304764
250
0
0
0.0
1.23918376892
250
0
0
0.0
1.25663706144
250
0
0
0.0
1.27409035396
250
0
0
0.0
1.29154364648
250
0
0
0.0
1.308996939
250
0
0
0.0
1.32645023152
250
0
0
0.0
1.34390352404
250
0
0
0.0
1.36135681656
250
0
0
0.0
1.37881010908
250
0
0
0.0
1.3962634016
250
0
0
0.0
1.41371669412
250
0
0
0.0
1.43116998664
250
0
0
0.0
1.44862327916
250
0
0
0.0
1.46607657168
250
0
0
0.0
1.4835298642
250
